#1
9,17 66.7 11,29 -43.5
22,11 53.6 24,0 -42.17
34,21 59.1 36,16 -41.1
#2
59,19 57.17 2,2 -39.17
9,12 51.34 11,4 -37.07
18,8 50.08 19,27 -37.69
#3
42,7 54.96 44,11 -40.35
50,14 55.6 52,29 -40.36
59,18 50.55 1,12 -39.97
#4
23,21 56.46 26,4 -42.49
34,1 52.54 36,9 -43.08
43,5 51.04 45,9 -37.55
52,22 55.39 55,6 -38.51
#5
14,27 55.65 18,4 -36.35
29,23 47.53 32,4 -41.53
40,23 48.42 43,3 -36.73
#6
5,6 55.55 9,7 -43.42
16,28 50.61 20,21 -41.15
26,28 46.35 30,2 -41.42
35,1 45.5 37,20 -33.78
#7 
56,29 50.64 0,9 -34.18
7,1 49.09 10,11 -34.27 
16,16 52.85 20.01 -32.50
26,10 53.56 30,7 -41.03
#8
47,4 50.49 51,11 -32.32
56,14 50.50 0,0 -33.19
4,2 66.86 8,29 -33.69
13,11 61.14 17,21 -33.04
